Российская Федерация 17125,2 146880,4 71842,7 31422 23806 39167 69254134,3 15966804 194649464
Центральный
федеральный округ 650,2 39311,4 21259,7 40843 30774 48593 24135019,0 4172962 60640167
Белгородская область 27,1 1549,9 757,9 30074 22073 29066 730562,0 139209 1501847
Брянская область 34,9 1211,0 530,2 26402 20629 24743 285847,9 54769 794829
Владимирская область 29,1 1378,3 640,6 23988 17813 26975 392051,8 79555 842074
Воронежская область 52,2 2333,8 1102,1 29327 23825 28007 841375,7 294169 1841669
Ивановская область 21,4 1014,6 456,3 24760 17000 23470 179633,4 27098 550729
Калужская область 29,8 1012,2 504,8 28108 20346 34332 373403,5 81301 989602
Костромская область 60,2 643,3 290,8 24745 16660 24554 160705,4 20642 436507
Курская область 30,0 1115,2 519,6 26425 19343 27274 364601,7 100591 878321
Липецкая область 24,0 1150,2 565,8 29294 22504 28455 470239,3 139900 1268311
Московская область 44,3 7503,4 3450,2 41286 30878 46836 3565258,0 678273 8044098
Орловская область 24,7 747,2 321,1 24122 18350 24811 213924,0 45316 496312
Рязанская область 39,6 1121,5 511,0 24789 17568 28819 336973,5 63814 1010570
Смоленская область 49,8 949,3 445,9 25398 18038 26269 262318,0 57496 857817
Тамбовская область 34,5 1033,6 482,4 25938 20093 24253 311433,4 111680 844454
Тверская область 84,2 1283,9 610,0 24077 18220 27612 359345,1 99966 1250215
Тульская область 25,7 1491,8 719,9 27774 19978 31637 517740,8 127064 1116603
Ярославская область 36,2 1265,7 621,1 27625 19454 30720 469804,9 79820 1311286
г. Москва 2,6 12506,5 8730,0 62532 47597 73812 14299800,6 1972300 36604923
Северо-Западный
федеральный округ 1687,0 13952,0 7161,5 33890 25294 44450 7803750,5 1871975 21841648
Республика Карелия 180,5 622,5 274,8 26740 20645 34434 233449,8 41707 700701
Республика Коми 416,8 840,9 409,9 31181 20902 45689 546895,3 129315 3207276
Архангельская область 589,9 1155,0 544,6 33161 24503 42950 683360,0 245663 2174492
в том числе:
Ненецкий автономный
округ 176,8 44,0 32,7 70121 25587 74173 255496,6 142130 887421
Архангельская область
без автономного округа 413,1 1111,0 511,9 31705 24461 40352 427863,4 103533 1287071
Вологодская область 144,5 1176,7 540,6 26489 16886 31651 486211,3 130804 1712354
Калининградская область 15,1 994,6 477,3 26527 20186 30580 383079,2 118890 846685
Ленинградская область 83,9 1813,8 790,9 27998 21596 39333 913825,7 338589 3060457
Мурманская область 144,9 753,6 367,4 37108 26718 51932 425831,2 110715 1970650
Новгородская область 54,5 606,5 288,8 25492 20630 29311 244501,2 68796 617821
Псковская область 55,4 636,5 280,3 23144 18226 23659 144414,4 28947 387327
г. Санкт-Петербург 1,4 5351,9 3186,9 42133 31966 53740 3742182,4 658549 7163885
Южный
федеральный округ 447,8 16441,8 7455,0 26928 22149 28712 4896268,6 1397320 15326866
Республика Адыгея 7,8 453,4 152,1 24677 19245 24490 91352,4 22858 202111
Республика Калмыкия 74,7 275,4 111,1 14730 7940 22919 56045,1 10448 203657
Республика Крым 26,1 1913,7 840,4 20128 14251 26165 315918,5 195377 2212391
Краснодарский край 75,5 5603,4 2599,1 33136 28381 30343 2015934,7 484105 5937791
Астраханская область 49,0 1017,5 487,6 22519 17944 29599 338679,5 144093 1498692
Волгоградская область 112,9 2521,3 1124,6 21357 17216 27962 743283,7 190770 2180917
Ростовская область 101,0 4220,4 1958,1 27677 22843 28500 1270891,5 319287 2786870
г. Севастополь 0,9 436,7 182,1 24713 20666 27687 64163,2 30382 304437
Северо-Кавказский
федеральный округ 170,4 9823,5 3839,6 24017 18744 24400 1797972,3 503852 4816874
Республика Дагестан 50,3 3063,9 1091,5 29206 24588 21941 597096,7 199385 1627996
Республика Ингушетия 3,6 488,0 179,4 15131 7283 22750 50882,9 13587 119375
Кабардино-Балкарская
Республика 12,5 865,8 362,6 20385 15423 22782 132706,9 40875 272146
Карачаево-Черкесская
Республика 14,3 466,3 169,2 17142 9429 22638 73151,3 17812 210594
Республика Северная
Осетия - Алания 8,0 701,8 289,7 22773 17039 24715 125498,3 26807 271077
Чеченская Республика 15,6 1437,0 513,5 22202 13187 23249 166711,2 65403 538579
Ставропольский край 66,2 2800,7 1233,7 23403 20188 26645 651925,0 139983 1777107
Приволжский
федеральный округ 1037,0 29542,7 13854,8 25870 19962 29189 10375870,2 2412210 27117289
Республика Башкортостан 142,9 4063,3 1730,1 28442 23282 30358 1344360,1 260894 3121321
Республика Марий Эл 23,4 682,3 291,7 19017 13549 25440 160464,0 24016 418477
Республика Мордовия 26,1 805,0 387,1 18065 12221 24327 198132,8 59916 628911
Республика Татарстан 67,8 3894,3 1945,1 31719 25204 32324 1937637,1 637612 4658900
Удмуртская Республика 42,1 1513,0 710,2 23925 16656 28995 540115,0 79951 1245800
Чувашская Республика 18,3 1231,1 528,0 17892 13783 24530 261574,3 51931 790343
Пермский край 160,2 2623,1 1164,5 28655 21908 32952 1091268,7 253802 3397061
Кировская область 120,4 1283,3 586,7 21560 16429 25215 290990,3 57021 849714
Нижегородская область 76,6 3234,8 1658,7 30742 23485 30387 1182265,0 244071 2918512
Оренбургская область 123,7 1977,7 926,8 22689 16769 27445 772107,3 181713 2198450
Пензенская область 43,4 1331,7 606,6 21611 16588 26238 338589,0 72546 986237
Самарская область 53,6 3193,5 1656,8 26988 21536 30492 1275063,6 251464 3258454
Саратовская область 101,2 2463,0 1081,8 19825 15130 24738 655053,7 145465 1869085
Ульяновская область 37,2 1246,6 580,8 23133 16080 26254 328249,3 91808 776024
Уральский
федеральный округ 1818,5 12356,2 6366,7 32944 24123 43977 9354739,3 2870072 35953434
Курганская область 71,5 845,5 338,6 20777 14144 25433 193895,1 22396 725992
Свердловская область 194,3 4325,3 2068,2 35289 29306 34760 1978055,7 337798 6177853
Тюменская область 1464,2 3692,4 2227,1 42082 27842 63789 5922073,3 2315132 26000867
в том числе:
Ханты-Мансийский
автономный округ – Югра 534,8 1655,1 1077,9 44843 28152 66719 3031163,3 942184 12543037
Ямало-Ненецкий
автономный округ 769,3 538,5 420,5 71705 30411 89938 1963870,5 1082282 11279844
Тюменская область
без автономных округов 160,1 1498,8 728,7 28325 26570 40473 927039,5 290666 2177986
Челябинская область 88,5 3493,0 1732,9 23397 16226 32253 1260715,2 194745 3048722
Сибирский
федеральный округ 5145,0 19287,5 8715,5 23925 17359 33718 7133872,1 1521058 16548844
Республика Алтай 92,9 218,1 83,4 18411 11813 26316 46128,4 13111 131791
Республика Бурятия 351,3 984,5 382,7 25040 19288 32237 199225,5 41508 642667
Республика Тыва 168,6 321,7 98,7 14048 7657 31251 52221,3 9342 99573
Республика Хакасия 61,6 537,5 235,6 21209 15992 33978 182434,1 22125 438167
Алтайский край 168,0 2350,1 1008,5 22165 15697 22743 498789,1 84212 935963
Забайкальский край 431,9 1072,8 467,3 23267 16471 34848 262801,9 91258 944432
Красноярский край 2366,8 2876,5 1411,2 28047 20553 41117 1767908,2 424729 3604524
Иркутская область 774,8 2404,2 1096,1 22412 15523 38086 1068724,6 256892 2774291
Кемеровская область 95,7 2694,9 1200,0 21849 15234 32648 858098,4 208126 2545178
Новосибирская область 177,8 2788,8 1340,7 25313 20159 32287 1084635,0 174985 2091267
Омская область 141,1 1960,1 895,3 25223 18457 29751 625918,1 99708 1087256
Томская область 314,4 1078,3 496,1 24457 16479 37518 486987,5 95061 1253735
Дальневосточный
федеральный округ 6169,3 6165,3 3189,7 37070 26538 48952 3756642,3 1217356 12404342
Республика Саха (Якутия) 3083,5 964,4 492,1 39765 27458 62206 868607,0 384853 2208092
Камчатский край 464,3 315,5 165,4 42342 24915 65807 198121,0 37111 540786
Приморский край 164,7 1913,0 973,9 33155 24203 38045 736886,2 125700 3346264
Хабаровский край 787,6 1328,3 690,9 37698 29788 42465 637656,3 117192 1623543
Амурская область 361,9 798,4 390,6 30663 22379 37368 287594,3 186624 1072521
Магаданская область 462,5 144,1 93,2 53633 29642 75710 146919,5 44184 280970
Сахалинская область 87,1 490,2 282,7 48727 35409 68496 767839,0 299467 2909469
Еврейская автономная
область 36,3 162,0 67,2 23386 16574 34409 46872,2 10455 252341
Чукотский автономный
округ 721,5 49,4 33,7 70904 25426 91995 66146,8 11770 170356