13916165 38733173 5379682 1022498 5119844 2610174 2509670 79223,9 29813,35) 9036848 Российская Федерация
1502691 13217385 1691479 312144 1304766,6 632213,0 672553,7 24284,9 10140135,8 3643400
Центральный
федеральный округ
116588 629093 27031 10614 227267,4 69828,2 157439,2 1300,5 315389,9 138538 Белгородская область
277 191019 16064 7347 84470,0 31458,9 53011,1 558,3 234367,2 17432 Брянская область
4004 406484 33308 9987 28987,1 10672,5 18314,5 695,4 211869,5 32668 Владимирская область
6283 422944 88207 12116 193876,1 120821,1 73055,0 1687,3 516648,5 18249 Воронежская область
755 133335 32003 4285 14909,9 5276,5 9633,4 339,8 156904,6 1594 Ивановская область
3672 672706 23200 8463 38538,4 17091,9 21446,5 882,3 186001,8 37477 Калужская область
317 118263 39628 3101 15993,0 5668,0 10325,1 310,2 97322,6 6315 Костромская область
67783 176100 60309 4582 130890,9 75706,9 55184,0 590,5 197188,3 56532 Курская область
5765 628043 25921 10347 101595,7 60542,9 41052,9 1084,2 236980,4 143885 Липецкая область
13870 2328071 279036 72279 87550,7 42942,6 44608,1 9077,7 2093604,5 400345 Московская область
106 104211 13353 3238 60430,0 38573,4 21856,6 267,5 124681,0 8783 Орловская область
1781 277309 37935 5163 52260,7 29249,1 23011,5 712,5 179999,3 31164 Рязанская область
1454 192044 54534 6839 22826,6 7860,7 14965,9 484,4 158253,4 12933 Смоленская область
145 134329 16099 3102 111331,8 59669,9 51661,8 839,4 194712,0 8360 Тамбовская область
755 246185 94874 6240 34890,8 6921,8 27969,0 585,2 216144,6 -4198 Тверская область
5548 629921 49630 9426 58398,9 35784,9 22614,0 696,8 273690,4 61932 Тульская область
1172 338016 43671 9396 32031,3 8235,6 23795,7 753,8 224491,7 37605 Ярославская область
1272415 5589313 756675 125621 8517,4 5908,1 2609,3 3419,0 4521886,1 2633786 г. Москва
844244 5178185 582716 116340 226439,0 67394,6 159044,4 8967,2 2922979,1 1603733
Северо-Западный
федеральный округ
73729 93268 26676 3067 4153,4 1736,3 2417,1 222,3 112645,3 34159 Республика Карелия
314270 170537 47108 5715 9922,6 2122,9 7799,7 222,8 150198,1 73679 Республика Коми
294998 310669 36674 5767 11015,9 5626,0 5389,9 422,8 252084,2 46764 Архангельская область
в том числе:
267858 21434 3832 479 664,7 82,5 582,2 27,9 9449,7 12594
Ненецкий автономный
округ
27140 289235 32842 5288 10351,3 5543,5 4807,7 394,9 242634,5 34170
Архангельская область
без автономного округа
632 572244 40646 7872 26755,2 6759,1 19996,0 542,3 171979,2 401058 Вологодская область
18260 464119 28773 6013 32486,5 14336,3 18150,2 902,4 157054,4 37421 Калининградская область
11402 909008 99029 13257 83950,1 23159,8 60790,3 2625,8 370676,2 145358 Ленинградская область
107973 160154 58976 9217 1780,6 552,5 1228,1 59,0 163528,5 61855 Мурманская область
1593 181982 19405 2998 24883,3 7661,2 17222,1 231,6 111882,7 24561 Новгородская область
1371 94887 11491 4534 31491,4 5440,5 26051,0 202,3 106614,3 10558 Псковская область
20017 2221317 213938 57899 3536,1 1326316,2 768320 г. Санкт-Петербург
374342 2615541 384785 83770 892457,4 604167,8 288289,6 9622,1 3120253,6 469727
Южный
федеральный округ
2740 47823 2346 1807 21612,8 12310,1 9302,7 244,3 86249,4 405 Республика Адыгея
…6) 1235 2054 395 27084,3 4974,6 22109,7 96,3 19631,9 745 Республика Калмыкия
10787 78647 35383 6175 47289,6 28944,0 18345,5 833,7 229892,5 48987 Республика Крым
53142 923476 110399 28504 364531,2 259981,4 104549,8 4728,4 1306893,9 298885 Краснодарский край
226961 53839 27700 4784 41220,6 24403,1 16817,4 483,5 166809,5 58736 Астраханская область
47985 724306 66847 14641 133812,9 93943,5 39869,4 727,6 367064,7 4762 Волгоградская область
29664 772905 133563 25736 254431,8 177331,9 77099,9 2333,9 880421,6 56587 Ростовская область
…6) 13310 6492 1729 2474,3 2279,1 195,2 174,3 63290,1 620 г. Севастополь
26447 405290 142494 18195 437938,6 246970,2 190968,4 5081,7 1620758,3 23761
Северо-Кавказский
федеральный округ
4922 40558 19315 2626 119983,6 58284,8 61698,8 2000,1 690337,2 -11920 Республика Дагестан
1463 1865 1345 487 9031,3 1952,7 7078,7 309,3 22500,8 -1465 Республика Ингушетия
398 27688 8733 1069 45570,2 24745,7 20824,6 426,8 123965,1 -801
Кабардино-Балкарская
Республика
2751 35194 9061 991 27468,6 12924,8 14543,8 201,8 37075,6 904
Карачаево-Черкесская
Республика
661 27588 6697 1542 21926,6 9581,7 12344,9 192,2 109722,5 -362
Республика Северная
Осетия - Алания
5593 10186 14379 1408 25966,9 8796,1 17170,8 1069,3 158382,6 -11375 Чеченская Республика
10659 262211 82964 10071 187991,3 130684,5 57306,8 882,1 478774,5 48780 Ставропольский край
1972042 7942292 911282 209722 1192652,8 576538,4 616114,4 15640,8 5219930,2 350468
Приволжский
федеральный округ
233703 1082923 122987 22875 157270,1 64303,5 92966,6 2460,5 841128,4 261733 Республика Башкортостан
656 152086 11546 4671 38912,7 8319,3 30593,4 470,3 81990,7 7685 Республика Марий Эл
77.3 167180 11745 3347 59724,0 23274,1 36449,9 330,1 87397,4 -62558 Республика Мордовия
547515 1596330 126863 28212 235291,8 118959,2 116332,6 2408,1 843942,5 314185 Республика Татарстан
191064 321066 37608 7071 65189,8 22751,6 42438,2 658,6 221458,1 103052 Удмуртская Республика
706 172565 24578 6248 38736,9 17467,6 21269,3 605,0 142187,0 -837089 Чувашская Республика
294130 933960 118342 24411 41397,6 12759,9 28637,6 1101,1 502334,2 142130 Пермский край
1107 199822 39382 4776 39271,8 12945,5 26326,3 545,8 184352,6 9717 Кировская область
1168 1237833 99013 29172 68976,8 31250,5 37726,4 1308,1 696909,3 143309 Нижегородская область
389692 304238 57928 13608 113038,3 59200,2 53838,1 892,0 293997,0 91494 Оренбургская область
890 195823 22153 5329 73919,4 36042,2 37877,2 886,9 199178,8 9473 Пензенская область
273744 969528 115780 40487 87488,7 54456,4 33032,2 1787,7 613578,0 124775 Самарская область
30492 352459 96236 11208 134973,4 90455,5 44517,8 1210,1 333210,3 31396 Саратовская область
7096 256480 27120 8307 38461,6 24352,7 14108,9 976,6 178265,9 11166 Ульяновская область
5202482 4760492 712098 142211 323585,7 136067,8 187517,9 6301,7 2555718,4 1423452
Уральский
федеральный округ
3315 96670 20540 2856 38727,0 23603,0 15124,0 271,8 108661,6 -169365 Курганская область
66980 1734335 235726 60330 79133,6 28755,9 50377,8 2144,0 1078233,8 260318 Свердловская область
5068914 1568613 318850 44790 79444,1 35715,4 43728,7 2468,5 876414,0 1162204 Тюменская область
в том числе:
2983368 534441 215479 22732 9766,9 5881,7 3885,2 812,5 394612,6 460861
Ханты-Мансийский
автономный округ – Югра
1911722 346799 58693 10388 2687,0 68,8 2618,2 236,1 127666,2 384506
Ямало-Ненецкий
автономный округ
173825 687373 44678 11671 66990,2 29764,8 37225,4 1419,9 354135,1 316837
Тюменская область
без автономных округов
63272 1360874 136982 34234 126281,0 47993,6 78287,4 1417,3 492409,0 170295 Челябинская область
2332671 3911191 676760 108977 577530,9 248760,3 328770,5 7332,9 2918494,4 1240127
Сибирский
федеральный округ
3593 4995 2822 356 10932,1 2199,4 8732,8 130,9 24371,4 19875 Республика Алтай
25331 59164 26888 1512 15061,2 4341,6 10719,6 269,2 170864,5 13474 Республика Бурятия
23347 370 4669 326 5710,0 904,9 4805,2 101,0 22139,9 6732 Республика Тыва
52497 87250 47622 1455 14870,4 3445,4 11424,9 235,9 79163,2 14021 Республика Хакасия
6143 307970 45807 8069 125955,5 69182,6 56772,9 629,9 339235,3 36072 Алтайский край
82184 26309 31144 2842 22513,2 6047,6 16465,6 270,5 158173,1 10374 Забайкальский край
552416 990878 163533 28898 71934,7 26990,9 44943,8 1056,5 511024,3 487426 Красноярский край
455207 481866 111750 14309 61900,4 23555,8 38344,5 973,8 321971,7 233234 Иркутская область
899156 545842 96518 17251 48027,9 21757,9 26270,1 1000,3 355028,2 257398 Кемеровская область
50568 459489 59641 17522 81453,0 35099,5 46353,5 1729,1 473396,5 75530 Новосибирская область
3165 791301 50397 8673 90419,0 46320,4 44098,6 458,2 316727,7 32970 Омская область
179063 155757 35969 7764 28753,4 8914,3 19839,0 477,6 146398,6 53021 Томская область
1661246 702797 278068 31140 164472,8 98061,7 66411,0 1972,6 1315064,6 282180
Дальневосточный
федеральный округ
599620 34852 61133 5175 25288,8 8105,6 17183,1 633,8 212662,7 109618 Республика Саха (Якутия)
19729 99560 21588 2555 7915,6 3605,6 4310,0 66,7 53971,0 31290 Камчатский край
19568 229130 62629 9476 44315,8 28966,3 15349,5 412,1 375032,5 41613 Приморский край
78459 244085 53619 6805 16790,1 9038,2 7751,8 269,7 307592,8 10800 Хабаровский край
64359 31095 36087 2881 50419,9 36113,9 14305,9 181,6 161648,0 4409 Амурская область
112749 4467 14541 854 2520,6 1287,8 1232,8 6,4 30929,8 18431 Магаданская область
693852 51842 16465 2662 10536,4 6586,9 3949,5 347,7 141532,5 50930 Сахалинская область
7593 6743 4209 446 5216,3 4273,2 943,1 50,4 22582,5 64
Еврейская автономная
область
65316 1023 7796 288 1469,4 84,1 1385,3 4,1 9112,8 15025
Чукотский автономный
округ